// correlation
graph {
	0
	1
	2
	3
	4
	5
	6
	7
	8
	9
	10
	11
	12
	13
	14
	15
	16
	17
	18
	19
	20
	21
	22
	23
	24
	25
	26
	27
	28
	29
	30
	31
	32
	33
	34
	35
	36
	37
		2 -- 9
		2 -- 15
		3 -- 4
		3 -- 10
		3 -- 16
		4 -- 10
		4 -- 17
		5 -- 6
		5 -- 7
		5 -- 11
		5 -- 12
		5 -- 13
		6 -- 12
		6 -- 19
		7 -- 13
		8 -- 14
		8 -- 21
		8 -- 28
		9 -- 15
		10 -- 16
		11 -- 12
		11 -- 13
		11 -- 30
		12 -- 19
		12 -- 30
		14 -- 21
		14 -- 28
		15 -- 22
		16 -- 17
		17 -- 24
		18 -- 20
		20 -- 31
		21 -- 28
		23 -- 24
		23 -- 25
		23 -- 27
		23 -- 32
		23 -- 34
		23 -- 36
		23 -- 37
		24 -- 25
		24 -- 33
		24 -- 35
		25 -- 27
		25 -- 32
		25 -- 36
		25 -- 37
		27 -- 34
		27 -- 37
		30 -- 31
		32 -- 34
		33 -- 35
		34 -- 36
		34 -- 37
		35 -- 36
		36 -- 37
}
